seq_name	BA2000R-PBMC	BA2003R-PBMC	BA2004R-PBMC	BA2006R-PBMC	BA2011R-PBMC	BA2019R-PBMC	BA2020R-BM	BA2022R-PBMC	BA2023R-BM	BA2024R-BM	BA2025R-BM	BA2031R-BM	BA2032R-PBMC	BA2033R-PBMC	BA2034R-PBMC	BA2035R-PBMC	BA2036R-PBMC	BA2037R-BM	BA2041R-BM	BA2044R-BM	BA2046R-BM	BA2047R-PBMC	BA2050R-BM	BA2051R-BM	BA2052R-BM	BA2053R-PBMC	BA2054R-BM	BA2055R-PBMC	BA2063R-PBMC	BA2065R-BM	BA2066R-BM	BA2068R-BM	BA2069R-BM	BA2072R-BM	BA2079R-PBMC	BA2080R-BM	BA2081R-BM	BA2082R-BM	BA2087R-PBMC	BA2088R-BM	BA2089R-PBMC	BA2093R-BM	BA2094R-PBMC	BA2095R-PBMC	BA2096R-BM	BA2097R-PBMC	BA2098R-BM	BA2100R-PBMC	BA2101R-PBMC	BA2104R-PBMC	BA2106R-BM	BA2109R-PBMC	BA2110R-BM	BA2113R-BM	BA2116R-PBMC	BA2121R-BM	BA2122R-BM	BA2123R-BM	BA2124R-BM	BA2125R-BM	BA2132R-PBMC	BA2133R-PBMC	BA2134R-PBMC	BA2135R-BM	BA2139R-PBMC	BA2143R-BM	BA2148R-PBMC	BA2153R-BM	BA2155R-BM	BA2156R-BM	BA2162R-PBMC	BA2163R-BM	BA2168R-PBMC	BA2169R-PBMC	BA2171R-BM	BA2172R-PBMC	BA2174R-BM	BA2175R-PBMC	BA2184R-BM	BA2195R-PBMC	BA2198R-BM	BA2200R-BM	BA2201R-BM	BA2209R-PBMC	BA2211R-BM	BA2212R-BM	BA2217R-BM	BA2218R-PBMC	BA2220R-BM	BA2221R-BM	BA2224R-BM	BA2226R-BM	BA2227R-BM	BA2228R-BM	BA2229R-PBMC	BA2233R-BM	BA2234R-BM	BA2235R-BM	BA2236R-BM	BA2239R-BM	BA2240R-PBMC	BA2242R-PBMC	BA2244R-PBMC	BA2245R-PBMC	BA2248R-PBMC	BA2249R-PBMC	BA2251R-PBMC	BA2256R-BM	BA2260R-PBMC	BA2261R-BM	BA2269R-BM	BA2271R-PBMC	BA2272R-PBMC	BA2273R-BM	BA2275R-BM	BA2276R-BM	BA2277R-PBMC	BA2280R-PBMC	BA2281R-BM	BA2282R-PBMC	BA2286R-BM	BA2288R-BM	BA2292R-BM	BA2294R-BM	BA2296R-BM	BA2300R-BM	BA2301R-BM	BA2302R-PBMC	BA2304R-BM	BA2306R-PBMC	BA2308R-PBMC	BA2309R-BM	BA2311R-PBMC	BA2312R-PBMC	BA2316R-BM	BA2322R-BM	BA2325R-PBMC	BA2329R-BM	BA2334R-PBMC	BA2339R-PBMC	BA2344R-PBMC	BA2347R-PBMC	BA2348R-PBMC	BA2350R-PBMC	BA2354R-BM	BA2355R-BM	BA2357R-BM	BA2360R-BM	BA2361R-BM	BA2363R-PBMC	BA2369R-BM	BA2374R-BM	BA2375R-PBMC	BA2376R-BM	BA2377R-BM	BA2379R-BM	BA2385R-BM	BA2386R-PBMC	BA2387R-BM	BA2394R-PBMC	BA2399R-BM	BA2400R-BM	BA2402R-PBMC	BA2405R-PBMC	BA2406R-BM	BA2409R-BM	BA2410R-BM	BA2412R-PBMC	BA2413R-BM	BA2414R-BM	BA2415R-BM	BA2417R-PBMC	BA2418R-PBMC	BA2420R-BM	BA2421R-PBMC	BA2423R-PBMC	BA2425R-PBMC	BA2426R-BM	BA2427R-PBMC	BA2429R-PBMC	BA2440R-BM	BA2441R-PBMC	BA2442R-PBMC	BA2446R-BM	BA2449R-BM	BA2450R-PBMC	BA2452R-BM	BA2454R-PBMC	BA2455R-PBMC	BA2456R-PBMC	BA2459R-BM	BA2461R-BM	BA2463R-PBMC	BA2464R-BM	BA2469R-BM	BA2470R-PBMC	BA2472R-BM	BA2473R-BM	BA2474R-BM	BA2477R-BM	BA2479R-PBMC	BA2480R-PBMC	BA2481R-BM	BA2482R-BM	BA2483R-PBMC	BA2485R-BM	BA2488R-BM	BA2489R-BM	BA2492R-BM	BA2494R-PBMC	BA2496R-BM	BA2497R-BM	BA2499R-PBMC	BA2500R-BM	BA2501R-PBMC	BA2502R-PBMC	BA2505R-PBMC	BA2507R-PBMC	BA2510R-PBMC	BA2511R-PBMC	BA2512R-PBMC	BA2514R-BM	BA2515R-BM	BA2520R-PBMC	BA2521R-BM	BA2523R-BM	BA2524R-PBMC	BA2525R-PBMC	BA2526R-PBMC	BA2528R-BM	BA2532R-BM	BA2534R-BM	BA2538R-PBMC	BA2539R-BM	BA2540R-BM	BA2541R-BM	BA2545R-BM	BA2546R-BM	BA2552R-PBMC	BA2559R-BM	BA2561R-BM	BA2563R-BM	BA2564R-PBMC	BA2567R-PBMC	BA2570R-PBMC	BA2575R-BM	BA2577R-BM	BA2579R-PBMC	BA2583R-BM	BA2584R-PBMC	BA2587R-BM	BA2588R-BM	BA2589R-PBMC	BA2592R-BM	BA2593R-PBMC	BA2594R-BM	BA2595R-PBMC	BA2597R-PBMC	BA2600R-PBMC	BA2603R-BM	BA2618R-BM	BA2619R-PBMC	BA2620R-BM	BA2621R-PBMC	BA2622R-BM	BA2623R-PBMC	BA2629R-BM	BA2631R-BM	BA2634R-PBMC	BA2636R-PBMC	BA2639R-PBMC	BA2644R-BM	BA2645R-PBMC	BA2646R-BM	BA2649R-BM	BA2651R-BM	BA2653R-PBMC	BA2655R-BM	BA2656R-PBMC	BA2657R-PBMC	BA2658R-PBMC	BA2659R-BM	BA2660R-BM	BA2662R-BM	BA2663R-BM	BA2667R-BM	BA2670R-PBMC	BA2674R-BM	BA2675R-PBMC	BA2676R-BM	BA2677R-BM	BA2681R-BM	BA2682R-PBMC	BA2685R-BM	BA2688R-PBMC	BA2691R-PBMC	BA2694R-PBMC	BA2695R-PBMC	BA2697R-PBMC	BA2701R-PBMC	BA2704R-BM	BA2705R-PBMC	BA2707R-PBMC	BA2709R-BM	BA2712R-PBMC	BA2714R-PBMC	BA2715R-BM	BA2718R-BM	BA2720R-BM	BA2721R-PBMC	BA2722R-PBMC	BA2723R-PBMC	BA2724R-BM	BA2726R-PBMC	BA2727R-PBMC	BA2728R-BM	BA2731R-PBMC	BA2733R-PBMC	BA2735R-PBMC	BA2737R-PBMC	BA2742R-PBMC	BA2744R-PBMC	BA2746R-BM	BA2747R-PBMC	BA2748R-BM	BA2751R-PBMC	BA2756R-BM	BA2758R-PBMC	BA2760R-BM	BA2762R-PBMC	BA2764R-BM	BA2765R-PBMC	BA2769R-PBMC	BA2772R-PBMC	BA2775R-PBMC	BA2776R-PBMC	BA2778R-BM	BA2782R-BM	BA2786R-PBMC	BA2787R-PBMC	BA2789R-BM	BA2791R-BM	BA2792R-BM	BA2798R-BM	BA2801R-PBMC	BA2802R-PBMC	BA2804R-BM	BA2806R-PBMC	BA2808R-PBMC	BA2809R-PBMC	BA2811R-BM	BA2812R-PBMC	BA2813R-BM	BA2814R-PBMC	BA2816R-BM	BA2817R-PBMC	BA2820R-BM	BA2821R-BM	BA2822R-PBMC	BA2824R-PBMC	BA2828R-PBMC	BA2829R-PBMC	BA2830R-PBMC	BA2832R-PBMC	BA2836R-PBMC	BA2837R-PBMC	BA2839R-BM	BA2840R-BM	BA2841R-BM	BA2842R-PBMC	BA2843R-BM	BA2844R-BM	BA2846R-BM	BA2850R-PBMC	BA2851R-BM	BA2852R-PBMC	BA2855R-BM	BA2856R-PBMC	BA2858R-BM	BA2860R-PBMC	BA2861R-BM	BA2865R-BM	BA2866R-BM	BA2867R-BM	BA2868R-PBMC	BA2870R-BM	BA2871R-PBMC	BA2872R-BM	BA2876R-PBMC	BA2879R-BM	BA2880R-BM	BA2882R-PBMC	BA2883R-BM	BA2885R-BM	BA2887R-BM	BA2889R-BM	BA2893R-BM	BA2901R-BM	BA2902R-BM	BA2903R-PBMC	BA2904R-PBMC	BA2905R-PBMC	BA2906R-PBMC	BA2908R-BM	BA2909R-BM	BA2910R-PBMC	BA2911R-PBMC	BA2914R-BM	BA2915R-PBMC	BA2921R-PBMC	BA2922R-BM	BA2923R-PBMC	BA2926R-BM	BA2928R-PBMC	BA2930R-PBMC	BA2932R-BM	BA2934R-PBMC	BA2935R-PBMC	BA2937R-BM	BA2939R-PBMC	BA2944R-PBMC	BA2947R-PBMC	BA2948R-PBMC	BA2950R-PBMC	BA2951R-PBMC	BA2952R-BM	BA2953R-BM	BA2955R-BM	BA2956R-PBMC	BA2962R-BM	BA2970R-BM	BA2972R-BM	BA2976R-BM	BA2978R-PBMC	BA2981R-BM	BA2984R-PBMC	BA2986R-BM	BA2989R-BM	BA2992R-BM	BA2993R-PBMC	BA2994R-PBMC	BA2995R-BM	BA2999R-BM	BA3001R-BM	BA3002R-PBMC	BA3004R-BM	BA3006R-PBMC	BA3008R-PBMC	BA3009R-BM	BA3010R-PBMC	BA3011R-BM	BA3013R-BM	BA3023R-PBMC	BA3025R-PBMC	BA3027R-PBMC	BA3029R-PBMC	BA3030R-BM	BA3037R-BM	BA3038R-BM	BA3040R-BM	BA3042R-BM	BA3043R-PBMC	BA3049R-BM	BA3051R-BM	BA3053R-PBMC	BA3064R-PBMC	BA3067R-PBMC	BA3068R-PBMC	BA3070R-PBMC	BA3071R-PBMC	BA3072R-PBMC	BA3075R-BM	BA3076R-PBMC	BA3077R-PBMC
CEBPA_ref68_kmer13.kmer1 ct:1	141	67	111	0	31	8	105	143	112	95	126	51	80	180	89	58	414	72	58	103	47	423	79	74	19	51	80	6	20	85	164	285	121	64	54	334	106	479	208	49	71	95	374	189	20	89	228	29	22	121	45	101	49	84	23	26	14	51	134	58	46	20	87	36	76	66	24	25	178	735	68	36	69	40	264	29	78	343	1288	47	62	254	41	18	304	35	416	29	41	43	30	78	40	63	67	56	258	87	103	50	56	374	67	45	54	114	253	52	57	47	30	159	105	114	166	48	405	511	91	117	187	30	8	85	455	60	101	73	89	18	39	35	36	33	39	46	95	125	135	51	54	52	42	43	95	63	30	543	137	51	30	259	34	105	499	29	156	131	255	97	83	330	102	24	80	123	219	83	47	49	88	795	34	146	164	170	32	37	46	70	73	56	105	119	10	94	89	56	54	360	20	46	119	101	51	61	49	41	36	105	12	167	65	46	87	227	181	65	50	16	80	80	70	176	145	75	54	26	137	21	139	50	227	7	110	65	48	5	209	51	114	32	15	116	60	71	99	77	272	94	327	75	97	16	49	75	730	53	86	122	73	87	80	27	0	56	77	6	54	76	44	112	82	34	82	132	30	149	30	47	98	72	19	133	117	48	14	41	339	120	120	77	53	98	72	65	11	57	163	107	123	80	101	61	18	40	85	123	73	63	159	396	103	36	126	124	23	532	9	282	67	11	51	78	38	90	108	46	53	267	71	89	93	139	415	39	59	64	61	84	31	80	77	77	120	197	292	114	104	54	317	122	53	104	44	22	121	206	127	107	110	83	108	141	47	19	357	112	66	86	43	64	20	149	109	87	227	0	320	59	12	98	266	39	26	48	28	25	43	53	254	115	80	274	534	121	67	68	20	96	71	174	66	151	85	2	173	76	98	31	132	93	33	45	42	60	139	46	8	73	87	149	87	137	101	77	16	79	71	117	31	39	51	71	62	335	9	70	23	65	35	213	59	55	156	50	53	47	39	35	110	52	52	85	106	226	136	0	63	95	83	88	35	477	16	87	28	102	65	60	530	82	40	20	111	174	95	33	40	134	134	57	28	157
CEBPA_ref68_kmer1.kmer1 ct:1	201	81	111	0	31	8	196	239	132	187	195	94	80	180	94	103	414	72	58	103	47	566	108	74	19	51	83	6	20	85	222	418	121	92	54	442	142	542	208	49	71	95	386	279	52	89	191	29	22	150	58	110	49	104	23	66	14	51	152	58	46	20	82	36	111	66	24	25	192	1094	68	55	69	40	393	29	78	420	1819	47	70	400	64	18	376	35	591	29	41	43	53	201	78	85	67	56	284	87	124	93	56	498	67	66	69	114	284	52	98	47	67	248	105	114	241	48	564	817	128	117	253	30	8	85	497	92	106	120	89	18	39	73	36	87	38	50	129	148	135	92	54	85	45	43	95	63	30	747	137	51	30	284	34	196	649	29	199	131	361	97	122	401	131	24	80	123	230	116	83	74	88	950	51	146	220	206	32	73	46	70	73	56	133	191	10	145	89	56	54	436	20	90	119	101	51	61	49	41	42	105	12	247	104	46	131	200	181	65	64	16	80	159	70	176	170	75	64	26	120	21	193	50	263	7	195	90	85	5	291	56	114	32	14	166	90	120	99	136	333	119	444	75	97	16	54	75	874	53	115	132	129	117	80	27	6	67	77	4	54	76	45	112	83	34	98	132	38	233	30	47	98	72	19	134	165	48	14	41	373	120	120	80	53	143	109	65	11	57	163	107	160	80	101	61	18	40	85	179	73	115	218	286	140	36	165	124	23	240	9	227	75	10	58	87	38	92	161	76	73	293	71	121	98	189	461	39	59	95	61	106	31	119	77	77	142	259	206	127	104	54	376	122	53	104	44	22	121	225	127	107	177	83	112	241	57	19	246	168	66	86	43	139	20	149	127	87	222	0	427	59	12	126	368	59	26	48	28	25	43	53	236	110	108	394	594	144	94	68	20	119	92	237	66	167	85	2	221	72	98	31	132	120	33	45	79	60	183	46	8	73	108	192	157	192	126	96	16	79	99	117	55	39	51	71	62	353	9	87	23	96	35	270	59	55	156	127	53	47	39	71	128	51	112	75	103	334	136	0	85	128	83	88	41	638	16	87	49	108	88	60	518	110	40	20	111	203	74	33	79	134	162	98	28	218
CEBPA_ref68_kmer3.kmer1 ct:1	165	81	111	0	31	8	196	143	132	95	195	94	80	180	94	103	414	72	58	103	47	400	108	74	19	51	83	6	20	85	222	285	121	63	54	317	142	468	208	49	71	95	386	279	20	89	205	29	22	150	58	110	49	84	23	66	14	51	152	58	46	20	82	36	111	66	24	25	148	720	68	36	69	40	262	29	78	350	1298	47	70	273	64	18	303	35	399	29	41	43	53	78	40	63	67	56	284	87	124	50	56	431	67	66	69	114	284	52	98	47	67	248	105	114	241	48	380	542	128	117	187	30	8	85	398	92	106	73	89	18	39	73	36	87	38	50	129	148	135	92	54	85	45	43	95	63	30	524	137	51	30	242	34	105	489	29	152	131	275	97	83	401	131	24	80	123	230	116	83	49	88	773	51	146	159	206	32	73	46	70	73	56	102	120	10	99	89	56	54	369	20	90	119	101	51	61	49	41	42	105	12	164	104	46	131	200	181	65	64	16	80	159	70	176	170	75	64	26	120	21	139	50	208	7	112	90	85	5	291	51	114	32	14	166	60	120	99	136	268	119	320	75	97	16	54	75	694	53	115	132	129	86	80	27	0	67	77	4	54	76	45	112	83	34	98	132	30	149	30	47	98	72	19	134	165	48	14	41	373	120	120	80	53	143	72	65	11	57	163	107	160	80	101	61	18	40	85	122	73	63	152	314	140	36	126	124	23	175	9	249	56	0	58	87	38	92	108	76	73	293	71	121	93	189	461	39	59	95	61	81	31	90	77	77	120	186	239	102	104	54	314	122	53	104	44	22	121	191	127	107	110	83	112	160	57	19	278	168	66	86	43	139	20	149	127	87	222	0	314	59	12	91	249	34	26	48	28	25	43	53	215	110	108	271	471	144	94	68	20	119	92	170	66	167	85	2	166	72	98	31	132	120	33	45	45	60	183	46	8	73	108	192	104	144	101	96	16	79	99	117	55	39	51	71	62	353	9	87	23	54	35	270	59	55	156	127	53	47	39	71	128	51	48	75	85	244	136	0	85	128	83	88	41	459	16	87	49	108	88	60	518	82	40	20	111	203	95	33	79	134	137	98	28	152
CEBPA_ref68_kmer6.kmer1 ct:1	141	81	111	0	31	8	106	143	112	95	126	94	80	180	94	103	360	72	58	103	47	395	108	74	19	51	70	6	20	85	163	285	121	63	54	306	142	444	208	49	71	95	353	189	20	89	206	29	22	119	58	110	49	84	23	26	14	51	118	58	46	20	82	36	76	66	24	25	147	689	68	36	69	40	240	29	78	328	1231	47	62	273	35	18	303	35	387	29	41	43	53	78	40	63	67	56	258	87	101	50	56	382	67	45	54	114	253	52	98	47	30	157	105	114	173	48	380	505	91	117	187	30	8	85	383	92	106	73	89	18	39	35	36	33	38	46	129	148	135	92	54	85	45	43	95	63	30	508	137	51	30	236	34	105	489	29	144	131	240	97	83	330	102	24	80	123	219	116	52	49	88	758	51	146	159	148	32	73	46	70	73	56	98	120	10	94	89	56	54	342	20	90	119	101	51	61	49	41	42	105	12	167	104	46	76	190	181	65	50	16	80	80	70	176	170	75	54	26	110	21	139	50	208	7	110	65	85	5	201	51	114	32	15	116	60	120	99	77	268	94	300	75	97	16	54	75	679	53	76	132	129	86	80	27	0	56	77	4	54	76	44	112	83	34	64	132	30	149	30	47	98	72	19	118	165	48	14	41	329	120	120	77	53	98	72	65	11	57	163	107	160	80	101	61	18	40	85	122	73	63	152	319	103	36	126	124	23	159	9	254	56	0	58	78	38	92	108	46	73	293	71	89	93	144	360	39	59	64	61	75	31	79	77	77	120	186	248	102	104	54	293	122	53	104	44	22	121	182	127	107	110	83	108	141	57	19	301	112	66	86	43	64	20	149	127	87	188	0	314	59	12	98	249	32	26	48	28	25	43	53	211	110	70	259	435	121	61	68	20	96	92	174	66	167	85	2	166	72	98	31	132	93	33	45	45	60	183	46	8	73	87	192	87	127	101	96	16	79	99	117	55	39	51	71	62	353	9	70	23	65	35	208	59	55	156	127	53	47	39	27	110	51	48	85	85	228	136	0	63	95	83	88	35	453	16	87	49	92	65	60	446	82	40	20	111	203	95	33	40	134	131	57	28	147
CEBPA_ref68_kmer19.kmer1 ct:1	125	67	99	0	31	0	95	137	123	85	133	61	65	119	84	58	414	72	49	79	47	416	87	74	19	43	81	6	20	87	171	285	114	64	48	346	106	481	208	43	71	69	371	197	14	89	228	29	22	113	36	97	49	84	23	26	14	51	173	58	46	20	87	36	91	66	24	25	183	722	68	36	69	40	275	27	78	348	1241	47	62	244	41	18	306	40	399	29	41	50	30	85	40	63	67	56	261	87	109	59	67	374	67	43	54	114	253	57	57	47	30	152	105	114	166	48	423	474	91	117	199	30	8	85	486	70	99	71	89	22	39	31	40	33	52	46	95	125	135	51	54	52	42	41	61	63	30	556	93	51	46	298	34	104	491	29	156	131	262	97	96	334	102	24	58	123	219	84	47	49	88	752	34	146	170	170	32	37	40	48	73	56	104	125	10	94	89	56	54	352	20	41	119	101	51	61	49	41	36	121	12	185	65	39	87	243	185	41	50	16	60	80	70	113	144	43	67	26	137	23	139	70	238	7	129	65	48	5	209	51	122	32	15	112	60	71	99	77	255	116	317	58	97	16	49	75	717	33	86	122	73	87	49	27	0	56	77	6	54	76	50	100	82	34	82	132	30	149	30	47	98	72	19	135	117	33	14	37	339	107	120	77	53	98	76	65	11	57	160	107	122	80	109	61	18	93	85	117	64	63	159	408	99	36	132	141	23	547	9	280	67	11	66	78	38	90	122	45	53	259	67	93	93	139	461	39	53	72	61	81	31	80	77	66	120	194	294	114	48	54	339	122	40	86	44	22	125	206	127	90	117	83	108	142	47	19	372	112	46	76	66	72	20	99	135	64	227	0	315	59	12	98	273	39	26	48	28	25	43	53	266	115	80	248	581	143	64	68	20	98	71	185	41	151	85	2	177	76	98	31	93	93	33	45	42	60	139	49	0	74	98	146	90	148	101	77	16	68	71	66	31	24	51	71	62	335	9	75	23	65	35	419	59	55	156	50	53	57	39	35	110	63	60	85	112	223	114	0	77	95	83	89	35	480	16	87	42	102	65	60	565	82	40	20	111	167	102	33	40	103	134	57	28	148
CEBPA_ref68_kmer12.kmer1 ct:1	141	67	111	0	31	8	105	143	112	95	126	51	80	180	89	58	387	72	58	103	47	428	79	74	19	51	80	6	20	85	164	285	121	64	54	334	106	479	208	49	71	95	374	189	20	89	228	29	22	121	45	110	49	84	23	26	14	51	134	58	46	20	87	36	76	66	24	25	161	735	68	36	69	40	264	29	78	343	1288	47	62	254	41	18	304	35	416	29	41	43	30	78	40	63	67	56	258	87	103	50	56	374	67	45	54	114	253	52	57	47	30	159	105	114	173	48	405	511	91	117	187	30	8	85	457	60	101	73	89	18	39	35	36	33	39	46	95	125	135	51	54	52	45	43	95	63	30	553	137	51	30	259	34	105	497	29	144	131	255	97	83	330	102	24	80	123	219	83	47	49	88	799	34	146	164	170	32	37	46	70	73	56	105	119	10	94	89	56	54	360	20	46	119	101	51	61	49	41	36	105	12	167	65	46	87	190	181	65	50	16	80	80	70	176	145	75	54	26	137	21	139	50	227	7	110	65	48	5	209	51	114	32	15	116	60	71	99	77	272	94	327	75	97	16	49	75	736	53	86	122	73	87	80	27	0	56	77	6	54	76	44	112	82	34	82	132	30	149	30	47	98	72	19	133	117	48	14	41	339	120	120	77	53	98	72	65	11	57	163	107	123	80	101	61	18	40	85	123	73	63	159	387	103	36	126	124	23	532	9	282	67	11	47	78	38	90	108	46	53	264	71	89	93	139	415	39	59	64	61	84	31	80	77	77	120	197	292	114	104	54	317	122	53	104	44	22	121	206	127	107	110	83	108	141	47	19	357	112	66	86	43	64	20	149	109	87	201	0	324	59	12	98	266	39	26	48	28	25	43	53	238	103	80	274	534	121	66	68	20	96	71	174	66	151	85	2	173	76	98	31	132	93	33	45	42	60	139	46	8	73	87	149	87	133	101	96	16	79	71	117	31	39	51	71	62	335	9	70	23	65	35	213	59	55	156	50	53	47	39	35	110	52	52	85	98	226	136	0	63	95	83	88	35	477	16	87	28	102	65	60	530	82	40	20	111	174	95	33	40	134	134	57	28	153
CEBPA_ref68_kmer8.kmer1 ct:1	141	67	111	0	31	8	105	143	112	95	126	94	80	180	94	58	387	72	58	103	47	403	79	74	19	51	70	6	20	85	164	285	121	64	54	306	142	449	208	49	71	95	355	189	20	89	219	29	22	119	58	110	49	84	23	26	14	51	134	58	46	20	82	36	76	66	24	25	161	704	68	36	69	40	240	29	78	343	1212	47	62	252	41	18	303	35	387	29	41	43	31	78	40	63	67	56	258	87	103	50	56	382	67	45	54	114	253	52	98	47	30	157	105	114	173	48	376	504	91	117	187	30	8	85	405	92	106	73	89	18	39	35	36	33	38	46	99	148	135	51	54	85	45	43	95	63	30	517	137	51	30	236	34	105	466	29	144	131	240	97	83	330	102	24	80	123	219	116	52	49	88	753	51	146	159	170	32	73	46	70	73	56	99	120	10	94	89	56	54	360	20	90	119	101	51	61	49	41	42	105	12	167	104	46	76	190	181	65	50	16	80	80	70	176	134	75	54	26	113	21	139	50	203	7	110	65	85	5	201	51	114	32	15	116	60	71	99	77	268	94	305	75	97	16	54	75	679	53	76	132	73	86	80	27	0	56	77	6	54	76	44	112	82	34	82	132	30	149	30	47	98	72	19	118	165	48	14	41	339	120	120	77	53	98	72	65	11	57	163	107	160	80	101	61	18	40	85	122	73	63	159	327	103	36	126	124	23	159	9	247	56	0	47	78	38	90	108	46	73	235	71	89	93	139	370	39	59	64	61	84	31	80	77	77	120	186	254	104	104	54	317	122	53	104	44	22	121	185	127	107	110	83	108	141	47	19	312	112	66	86	43	64	20	149	127	87	191	0	311	59	12	98	249	32	26	48	28	25	43	53	211	103	80	259	449	121	66	68	20	96	71	174	66	127	85	2	166	72	98	31	132	93	33	45	42	60	139	46	8	73	87	149	87	127	101	96	16	79	99	117	55	39	51	71	62	353	9	70	23	65	35	213	59	55	156	127	53	47	39	27	110	51	52	85	85	228	136	0	63	95	83	88	35	449	16	87	49	92	65	60	446	82	40	20	111	203	95	33	40	134	131	57	28	147
CEBPA_ref68_kmer17.kmer1 ct:1	125	67	90	0	31	0	95	143	112	95	133	61	55	119	89	58	413	72	49	79	47	421	78	74	19	51	81	6	20	87	164	285	121	64	54	334	106	474	208	49	71	69	371	197	20	89	228	29	22	121	45	97	49	84	23	26	14	51	163	58	46	20	87	36	91	66	24	25	183	721	68	36	69	40	259	27	78	343	1240	47	62	254	41	18	305	40	398	29	41	50	30	85	40	63	67	56	258	87	107	50	56	374	67	43	54	114	253	52	57	47	30	152	105	114	166	48	408	481	91	117	196	30	8	85	462	60	101	73	89	18	39	31	40	33	44	46	95	125	135	51	54	52	42	36	61	63	30	542	137	51	30	283	34	105	499	29	156	131	262	97	96	338	102	24	58	123	219	84	47	49	88	771	34	146	170	170	32	37	46	48	73	56	104	125	10	94	89	56	54	352	20	41	119	101	51	61	49	41	36	119	12	175	65	39	87	232	185	41	50	16	60	80	70	113	144	43	54	26	137	21	139	70	237	7	129	65	48	5	209	51	114	32	15	112	60	71	99	77	261	94	321	58	97	16	49	75	717	33	86	122	73	87	49	27	0	56	77	6	54	76	50	100	82	34	82	132	30	149	30	47	98	72	19	135	117	33	14	41	339	100	120	81	53	98	72	65	11	57	160	107	122	80	109	61	18	40	85	117	64	63	159	408	103	36	132	141	23	539	9	282	67	11	51	78	38	90	122	45	53	257	71	89	93	139	439	39	53	72	61	81	31	80	77	66	120	187	294	114	104	54	317	122	40	104	44	22	125	206	127	107	110	83	108	141	47	19	366	112	66	86	43	72	20	100	135	64	227	0	315	59	12	98	270	39	26	48	28	25	43	53	255	115	80	248	553	121	64	68	20	98	71	185	41	151	85	2	173	76	98	31	93	93	33	45	42	60	139	49	0	67	98	146	90	148	101	77	16	68	71	66	31	24	51	71	62	335	9	70	23	65	35	419	59	55	156	50	53	47	39	35	110	52	60	85	112	222	136	0	77	95	83	88	35	460	16	87	28	102	65	60	552	82	40	20	111	167	95	33	40	134	134	57	28	157
CEBPA_ref68_kmer7.kmer1 ct:1	141	67	111	0	31	8	105	143	112	95	126	94	80	180	94	103	360	72	58	103	47	403	108	74	19	51	70	6	20	85	164	285	121	64	54	306	142	440	208	49	71	95	355	189	20	89	206	29	22	119	58	110	49	84	23	26	14	51	116	58	46	20	82	36	76	66	24	25	161	685	68	36	69	40	240	29	78	328	1211	47	62	252	35	18	303	35	385	29	41	43	53	78	40	63	67	56	258	87	103	50	56	382	67	45	54	114	253	52	98	47	30	157	105	114	173	48	376	505	91	117	187	30	8	85	405	92	106	73	89	18	39	35	36	33	38	46	99	148	135	51	54	85	45	43	95	63	30	502	137	51	30	236	34	105	466	29	144	131	240	97	83	330	102	24	80	123	219	116	52	49	88	756	51	146	159	170	32	73	46	70	73	56	99	120	10	94	89	56	54	342	20	90	119	101	51	61	49	41	42	105	12	167	104	46	76	190	181	65	50	16	80	80	70	176	170	75	54	26	110	21	139	50	208	7	110	65	85	5	201	51	114	32	15	116	60	120	99	77	268	94	305	75	97	16	54	75	679	53	76	132	129	86	80	27	0	56	77	6	54	76	44	112	83	34	82	132	30	149	30	47	98	72	19	118	165	48	14	41	329	120	120	77	53	98	72	65	11	57	163	107	160	80	101	61	18	40	85	122	73	63	152	327	103	36	126	124	23	159	9	247	56	0	47	78	38	90	108	46	73	235	71	89	93	144	370	39	59	64	61	84	31	80	77	77	120	186	248	102	104	54	293	122	53	104	44	22	121	182	127	107	110	83	108	141	47	19	304	112	66	86	43	64	20	149	127	87	188	0	311	59	12	98	249	32	26	48	28	25	43	53	211	110	70	259	449	121	61	68	20	96	66	174	66	127	85	2	166	72	98	31	132	93	33	45	42	60	183	46	8	73	87	149	87	127	101	96	16	79	99	117	55	39	51	71	62	353	9	70	23	65	35	213	59	55	156	127	53	47	39	27	110	51	52	85	85	228	136	0	63	95	83	88	35	449	16	87	49	92	65	60	446	82	40	20	111	203	95	33	40	134	131	57	28	147
CEBPA_ref68_kmer16.kmer1 ct:1	141	67	90	0	31	0	95	143	112	95	133	57	56	119	89	58	413	72	49	79	47	426	78	74	19	51	82	6	20	87	164	285	121	64	54	334	106	469	208	49	71	69	371	188	20	89	228	29	22	121	45	97	49	84	23	26	14	51	153	58	46	20	87	36	81	66	24	25	183	728	68	36	69	40	262	29	78	346	1244	47	62	254	41	18	305	40	396	29	41	43	30	85	40	63	67	56	258	87	103	50	56	374	67	45	54	114	253	52	57	47	30	159	105	114	166	48	404	480	91	117	191	30	8	85	458	60	101	73	89	18	39	31	36	33	44	46	95	125	135	51	54	52	42	43	95	63	30	543	137	51	30	283	34	105	499	29	156	131	262	97	83	338	102	24	80	123	219	83	47	49	88	771	34	146	169	170	32	37	46	48	73	56	104	119	10	94	89	56	54	360	20	41	119	101	51	61	49	41	36	119	12	175	65	46	87	232	181	41	50	16	80	80	70	113	145	43	54	26	137	21	139	50	227	7	129	65	48	5	209	51	114	32	15	112	60	71	99	77	267	94	321	58	97	16	49	75	713	33	86	122	73	87	49	27	0	56	77	6	54	76	50	112	82	34	82	132	30	149	30	47	98	72	19	129	117	48	14	41	339	100	120	81	53	98	72	65	11	57	160	100	123	80	109	61	18	40	85	123	73	63	159	402	103	36	126	124	23	544	9	282	67	11	51	78	38	90	122	46	53	260	71	89	93	139	439	39	53	72	61	84	31	80	77	66	120	197	292	114	104	54	317	122	40	104	44	22	125	206	127	107	110	83	108	141	47	19	358	112	66	86	43	72	20	149	109	87	227	0	320	59	12	98	265	39	26	48	28	25	43	53	255	115	80	257	548	121	67	68	20	98	71	174	41	151	85	2	173	76	98	31	93	93	33	45	42	60	139	49	8	67	87	146	87	137	101	77	16	68	71	117	31	24	51	71	62	335	9	70	23	65	35	213	59	55	156	50	53	47	39	35	110	52	60	85	106	226	136	0	77	95	83	88	35	470	16	87	28	102	65	60	540	82	40	20	111	174	95	33	40	134	134	57	28	157
CEBPA_ref68_kmer27.kmer1 ct:1	113	82	101	0	31	0	95	133	135	92	129	71	76	127	86	82	436	72	49	79	47	451	87	74	19	65	95	6	24	105	178	337	121	76	67	362	106	494	208	43	68	74	393	197	14	88	224	33	27	108	36	107	52	104	23	36	14	51	221	58	46	20	85	36	103	66	24	17	189	766	68	36	60	39	298	27	78	340	1259	47	74	249	48	20	331	39	489	29	41	50	30	115	40	63	67	72	250	105	114	64	71	373	95	43	58	114	291	57	67	47	35	170	105	104	169	44	458	473	113	117	199	30	8	85	556	70	119	76	108	22	39	31	52	33	52	46	95	125	101	51	56	52	46	49	70	63	30	609	83	43	46	333	39	111	487	29	162	131	263	97	114	356	110	24	65	117	234	84	48	90	88	724	42	146	166	182	32	37	40	48	73	56	106	124	0	94	89	66	67	343	20	41	126	96	51	30	64	35	36	131	12	199	65	37	112	254	186	36	50	16	71	80	70	133	163	43	94	23	137	23	139	70	263	7	155	71	59	4	208	51	141	38	15	108	60	71	91	78	236	128	336	75	95	16	49	75	703	33	90	120	73	90	51	27	6	56	77	6	54	90	58	100	82	34	82	132	35	157	30	47	98	85	19	164	128	42	14	37	341	114	85	99	53	97	74	65	11	57	183	107	124	63	109	60	18	93	89	126	111	63	163	399	115	36	143	141	30	575	9	266	83	11	66	82	38	98	140	45	53	284	67	93	93	139	484	49	71	82	61	81	31	83	53	66	167	241	296	110	63	54	341	92	47	89	44	22	158	220	127	98	120	98	111	160	47	19	377	112	46	84	66	72	27	97	135	61	261	0	315	59	12	98	302	65	26	32	32	25	29	50	312	131	106	243	645	143	64	68	42	98	66	199	51	164	100	2	186	76	98	26	103	93	33	62	42	60	156	81	3	80	116	162	99	158	110	77	16	68	81	66	31	24	51	46	62	334	9	75	23	87	35	511	59	55	156	80	53	86	46	35	112	63	71	85	139	249	128	0	77	91	83	101	35	528	22	69	42	110	80	60	626	90	40	20	111	181	102	26	62	112	146	81	28	150
CEBPA_ref68_kmer25.kmer1 ct:1	113	73	101	0	31	0	95	137	135	77	126	71	65	119	84	70	436	72	49	79	47	436	87	74	19	49	81	6	20	105	171	310	121	64	48	347	106	488	208	43	71	74	393	197	14	83	228	29	22	108	36	101	52	86	23	26	14	51	194	58	46	20	84	36	93	66	24	17	189	743	68	36	69	39	292	27	78	340	1233	47	66	241	48	20	324	39	422	29	41	50	30	102	40	63	67	72	253	96	109	59	71	357	80	43	58	114	288	57	63	47	30	152	105	104	166	44	437	466	113	117	199	30	8	85	519	70	99	75	108	22	39	31	52	33	52	46	91	125	101	51	54	52	46	41	61	63	30	584	85	51	46	320	34	104	486	29	155	131	256	97	114	349	110	24	56	117	234	84	48	49	88	720	34	146	166	182	32	37	40	48	73	56	106	120	0	94	89	53	54	348	20	41	126	96	51	61	43	35	36	131	12	189	65	39	104	254	186	36	50	16	71	80	70	113	163	43	94	26	137	23	139	70	252	7	143	71	59	4	213	51	136	38	15	108	60	71	91	78	237	128	311	68	95	16	49	75	686	33	90	120	73	90	51	27	6	56	77	6	54	76	58	100	82	34	82	132	35	157	30	47	98	72	19	148	117	36	14	37	339	107	85	99	53	83	74	65	11	57	183	107	122	80	109	60	18	93	85	117	71	63	159	399	115	36	143	141	33	547	9	275	67	11	66	82	38	90	132	45	53	275	67	93	93	139	484	49	53	82	61	81	31	83	77	66	167	213	292	110	48	54	341	89	47	89	44	22	144	220	127	90	117	89	111	152	47	19	377	112	46	76	66	72	20	94	135	61	227	0	312	59	12	98	287	39	26	32	32	25	29	53	291	116	80	237	644	143	64	68	35	98	66	197	41	164	89	2	186	76	98	26	96	93	33	60	42	60	156	63	0	80	103	151	93	151	106	77	16	68	81	66	31	24	51	71	62	334	9	75	23	65	35	417	59	55	156	50	53	65	39	35	109	63	60	85	120	200	108	0	77	91	83	101	35	502	22	69	42	107	80	60	608	82	40	20	111	167	102	26	49	112	144	57	28	148
CEBPA_ref68_kmer21.kmer1 ct:1	113	67	99	0	31	0	95	137	126	85	133	71	65	119	84	71	436	72	49	79	47	414	87	74	19	43	81	6	20	101	171	313	114	64	48	347	106	481	208	43	71	69	379	197	14	89	228	29	22	108	36	97	49	84	23	26	14	51	173	58	46	20	87	36	91	66	24	17	183	744	68	36	69	40	275	27	78	347	1261	47	66	244	41	20	327	40	420	29	41	50	30	95	40	63	67	56	252	96	109	59	67	370	78	43	58	114	288	57	57	47	30	152	105	107	166	44	428	477	91	117	199	30	8	85	504	70	99	75	89	22	39	31	40	33	52	46	91	125	135	51	54	52	42	41	61	63	30	585	93	51	46	313	34	104	491	29	158	131	266	97	109	342	107	24	58	114	233	84	47	49	88	732	34	146	170	182	32	37	40	48	73	56	106	125	0	94	89	56	54	352	20	41	119	96	51	61	49	35	36	131	12	185	65	39	94	243	179	41	50	16	71	80	70	113	152	43	67	26	137	23	139	70	250	7	129	65	55	5	209	51	136	32	15	112	60	71	91	77	255	116	322	64	95	16	49	75	691	33	95	122	73	90	49	27	6	56	77	6	54	76	50	100	82	34	82	132	30	149	30	47	98	72	19	141	117	33	14	37	339	107	85	89	53	89	76	65	11	57	171	107	122	80	109	61	18	93	85	117	64	63	159	407	99	36	135	141	33	555	9	276	67	11	66	78	38	90	122	45	53	277	67	93	93	139	469	49	53	77	61	81	31	83	77	66	154	206	294	114	48	54	343	122	47	86	44	22	125	220	127	90	117	89	111	142	47	19	372	112	46	76	66	72	20	93	135	64	227	0	314	59	12	98	279	39	26	48	32	25	43	53	282	115	80	237	600	143	64	68	35	98	71	192	41	151	85	2	177	76	98	31	93	93	33	45	42	60	139	63	0	74	103	146	90	148	106	77	16	68	71	66	31	24	51	71	62	334	9	75	23	65	35	419	59	55	156	50	53	57	39	35	109	63	60	85	120	216	114	0	77	95	83	89	35	499	16	87	42	107	69	60	587	82	40	20	111	167	102	33	49	112	134	57	28	148
CEBPA_ref68_kmer28.kmer1 ct:1	113	82	101	0	31	0	101	141	135	92	129	71	76	127	92	82	449	53	46	79	47	458	87	74	19	65	95	6	24	105	190	337	121	76	67	362	106	478	208	43	68	74	422	197	14	88	234	33	27	109	36	107	54	104	23	36	14	51	221	58	46	20	85	36	103	54	24	17	208	815	68	37	60	39	323	27	78	339	1266	47	93	265	48	20	348	39	627	29	41	50	30	139	40	63	67	72	243	105	114	64	85	385	95	43	58	102	303	57	72	47	35	186	105	104	169	44	493	502	113	117	203	30	8	85	600	67	119	76	108	22	39	31	52	37	52	46	95	127	101	51	61	52	46	49	70	63	30	619	79	43	46	374	39	111	495	29	164	131	271	97	114	363	120	24	97	114	234	84	48	90	88	724	44	146	166	194	32	37	40	48	73	56	106	124	0	94	99	66	72	352	20	41	127	96	51	30	64	35	36	131	12	220	65	37	122	254	186	36	50	16	71	80	70	146	163	43	94	23	137	23	145	70	263	7	155	71	59	4	211	51	141	38	15	108	60	71	91	78	235	134	336	99	100	16	45	75	682	33	90	120	73	90	51	27	6	56	91	6	54	90	70	100	82	34	82	89	35	169	42	47	98	85	19	164	128	42	14	37	357	114	85	99	53	97	74	65	11	57	183	107	124	63	119	60	18	93	89	126	111	63	168	389	115	36	156	141	30	611	9	266	83	11	66	82	38	98	140	45	53	289	67	94	93	146	484	49	71	81	61	81	31	80	53	78	167	316	296	117	63	54	339	92	47	89	44	22	158	224	127	98	129	98	111	162	47	19	378	112	46	104	66	72	27	93	135	56	261	0	320	59	12	98	322	65	26	28	32	25	29	54	340	138	106	243	671	143	64	68	42	98	66	198	51	164	100	2	186	76	98	26	103	93	33	82	42	60	172	108	3	80	119	167	99	158	110	77	16	68	96	66	31	24	51	46	67	340	9	75	23	87	35	578	70	55	156	80	53	86	46	35	112	63	102	85	139	249	128	0	77	91	83	101	46	517	22	69	42	110	80	60	672	90	40	20	111	181	102	26	62	119	146	81	28	149
CEBPA_ref68_kmer26.kmer1 ct:1	113	82	101	0	31	0	95	133	135	86	129	71	65	127	84	70	436	72	49	79	47	440	87	74	19	49	86	6	20	105	171	325	121	64	48	353	106	494	208	43	71	74	393	197	14	83	228	29	27	108	36	107	52	86	23	26	14	51	194	58	46	20	85	36	93	66	24	17	189	759	68	36	69	39	292	27	78	340	1258	47	72	249	48	20	333	39	456	29	41	50	30	111	40	63	67	72	250	105	114	64	71	371	80	43	58	114	291	57	63	47	30	167	105	104	166	44	456	466	113	117	199	30	8	85	548	70	99	75	108	22	39	31	52	33	52	46	91	125	101	51	54	52	46	41	61	63	30	612	85	51	46	333	34	110	486	29	160	131	256	97	114	349	110	24	56	117	234	84	48	49	88	724	34	146	166	182	32	37	40	48	73	56	106	120	0	94	89	53	54	348	20	41	126	96	51	61	55	35	36	131	12	189	65	37	104	254	186	36	50	16	71	80	70	134	163	43	94	26	137	23	139	70	263	7	155	71	59	4	213	51	136	38	15	108	60	71	91	78	237	128	320	68	95	16	49	75	699	33	90	120	73	90	51	27	6	56	77	6	54	76	58	100	82	34	82	132	35	157	30	47	98	65	19	157	117	36	14	37	341	107	85	99	53	83	74	65	11	57	183	107	122	80	109	60	18	93	85	117	84	63	160	399	115	36	143	141	30	563	9	266	83	11	66	82	38	90	132	45	53	283	67	93	93	135	484	49	53	82	61	81	31	83	77	66	167	226	292	110	48	54	341	89	47	89	44	22	158	220	127	92	117	89	111	152	47	19	377	112	46	76	66	72	20	94	135	61	249	0	315	59	12	98	297	39	26	32	32	25	29	45	291	126	80	237	644	143	64	68	42	98	66	197	51	164	100	2	186	76	98	26	96	93	33	60	42	60	156	74	3	80	112	162	93	157	110	77	16	68	81	66	31	24	51	46	62	334	9	75	23	65	35	489	59	55	156	50	53	74	39	35	109	63	68	85	122	218	108	0	77	91	83	101	35	520	22	69	42	107	80	60	619	82	40	20	111	167	102	26	49	112	144	57	28	148
CEBPA_ref68_kmer29.kmer1 ct:1	129	82	101	0	31	0	119	141	135	116	140	71	76	179	107	82	470	53	46	79	92	491	87	74	19	65	95	6	24	105	210	371	121	76	101	405	106	489	187	44	95	85	422	219	14	109	234	33	27	109	36	120	54	104	23	36	14	51	221	61	57	21	85	42	111	54	24	17	231	873	68	37	60	39	327	27	78	372	1384	47	93	329	48	20	359	39	793	29	41	50	30	168	59	63	67	72	259	105	123	77	95	400	133	43	68	108	303	72	75	47	35	186	128	111	208	44	539	605	113	113	212	30	8	85	665	77	119	76	150	22	39	45	75	37	52	46	95	127	101	51	61	52	46	49	70	50	30	657	84	43	46	424	53	131	512	29	173	131	273	97	137	387	120	24	115	121	234	93	48	135	103	744	53	146	166	194	32	43	40	48	73	56	122	124	0	104	99	99	72	375	20	41	139	123	51	30	88	35	36	131	12	238	65	37	135	257	196	36	50	16	71	80	55	181	180	43	94	23	162	23	145	70	263	7	173	71	59	4	207	75	141	38	15	108	60	71	91	78	238	142	366	127	100	16	47	74	712	33	90	120	98	90	51	27	6	56	91	6	54	90	70	100	82	70	82	89	35	180	42	47	98	116	19	180	128	52	14	37	365	127	85	122	53	147	82	64	11	67	211	107	133	63	119	60	18	93	93	150	152	63	168	389	115	36	165	141	30	627	9	266	83	11	66	82	38	98	140	63	53	302	67	107	109	152	546	49	71	81	61	81	31	80	53	78	203	381	296	123	95	54	357	99	47	89	33	22	158	224	127	98	129	98	111	167	47	19	378	112	46	131	66	102	27	97	135	60	261	0	335	59	12	98	350	65	26	28	32	25	29	54	368	154	106	288	718	143	64	79	42	107	68	198	51	221	113	2	197	86	98	26	117	93	41	82	42	60	172	130	3	80	119	171	117	162	117	77	16	68	96	66	31	24	50	70	85	340	9	75	23	101	35	730	70	55	125	122	53	86	55	35	112	63	123	85	139	291	128	0	94	91	83	101	46	546	22	83	42	110	80	60	672	90	40	20	111	216	102	26	62	119	155	118	28	163
CEBPA_ref68_kmer0.kmer1 ct:1	239	81	111	0	31	8	196	239	209	187	195	94	80	180	144	103	515	72	58	103	47	566	108	105	19	51	83	6	20	85	222	450	121	92	54	442	142	586	208	49	71	95	457	279	52	89	197	29	22	210	58	110	63	104	23	66	14	51	152	58	46	20	122	36	111	66	24	25	192	1094	68	55	69	40	393	29	78	420	1966	47	70	474	64	18	409	35	730	29	41	43	53	201	78	85	67	56	354	141	171	93	56	551	67	66	69	114	284	52	98	47	67	248	105	114	241	48	564	885	128	117	277	30	8	85	569	92	106	120	89	18	39	73	36	87	38	95	129	148	135	92	54	85	45	43	95	63	30	799	137	51	30	284	34	196	649	29	199	131	361	97	122	401	131	24	80	123	230	116	83	74	88	1025	51	146	220	206	32	73	46	70	73	56	133	191	10	145	89	56	54	436	20	90	119	101	51	61	49	41	42	155	12	247	104	46	131	241	274	65	64	16	80	159	70	176	170	75	64	26	120	21	230	50	263	7	195	90	85	5	291	56	114	32	14	166	90	120	99	136	333	119	444	75	97	16	54	75	874	53	115	132	129	117	80	27	6	67	77	4	54	76	57	182	83	34	98	132	38	233	30	47	98	72	19	134	165	48	14	41	473	120	120	80	53	143	109	65	11	57	163	107	160	80	101	61	18	40	85	179	73	115	218	286	140	36	165	124	23	240	9	227	75	10	58	87	38	116	161	76	73	293	71	121	98	189	461	39	59	95	61	106	31	119	77	77	142	296	206	139	104	54	376	122	53	104	44	22	121	225	127	107	177	83	130	241	57	19	258	168	66	86	43	139	20	149	127	87	222	0	427	59	12	126	368	59	26	48	28	25	43	53	266	110	108	394	594	144	94	68	20	119	92	237	66	167	85	2	249	72	177	31	132	120	33	45	79	60	183	46	8	73	108	192	157	214	126	96	16	79	99	117	55	39	51	71	62	353	9	87	23	96	35	270	59	55	156	127	53	47	39	71	128	81	112	75	103	334	136	0	85	128	83	88	41	671	16	87	49	156	88	60	518	110	40	20	111	203	81	33	79	134	173	98	28	218
CEBPA_ref68_kmer11.kmer1 ct:1	141	67	111	0	31	8	105	143	112	95	126	51	80	180	89	58	387	72	58	103	47	403	79	74	19	51	70	6	20	85	164	285	121	64	54	325	142	484	208	49	71	95	355	189	20	89	228	29	22	121	58	110	49	84	23	26	14	51	134	58	46	20	82	36	76	66	24	25	161	704	68	36	69	40	252	29	78	343	1306	47	62	254	41	18	304	35	400	29	41	43	31	78	40	63	67	56	258	87	103	50	56	382	67	45	54	114	253	52	57	47	30	157	105	114	173	48	391	511	91	117	187	30	8	85	405	60	101	73	89	18	39	35	36	33	38	46	95	125	135	51	54	85	45	43	95	63	30	517	137	51	30	259	34	105	497	29	144	131	255	97	83	330	102	24	80	123	219	83	47	49	88	805	34	146	164	170	32	73	46	70	73	56	105	119	10	94	89	56	54	360	20	46	119	101	51	61	49	41	36	105	12	167	65	46	76	190	181	65	50	16	80	80	70	176	145	75	54	26	137	21	139	50	227	7	110	65	85	5	201	51	114	32	15	116	60	71	99	77	272	94	305	75	97	16	54	75	741	53	86	132	73	87	80	27	0	56	77	6	54	76	44	112	82	34	82	132	30	149	30	47	98	72	19	118	165	48	14	41	339	120	120	77	53	98	72	65	11	57	163	107	123	80	101	61	18	40	85	123	73	63	159	376	103	36	126	124	23	172	9	282	67	11	47	78	38	90	108	46	53	264	71	89	93	139	415	39	59	64	61	84	31	80	77	77	120	197	286	114	104	54	317	122	53	104	44	22	121	185	127	107	110	83	108	141	47	19	357	112	66	86	43	64	20	149	127	87	201	0	314	59	12	98	266	39	26	48	28	25	43	53	238	103	80	274	517	121	66	68	20	96	71	174	66	135	85	2	166	72	98	31	132	93	33	45	42	60	139	46	8	73	87	149	87	133	101	96	16	79	71	117	31	39	51	71	62	329	9	70	23	65	35	213	59	55	156	50	53	47	39	35	110	51	52	85	85	233	136	0	63	95	83	88	35	482	16	87	28	92	65	60	481	82	40	20	111	174	95	33	40	134	134	57	28	153
CEBPA_ref68_kmer23.kmer1 ct:1	113	67	101	0	31	0	95	137	135	85	133	71	65	119	84	71	436	72	49	79	47	443	87	74	19	49	81	6	20	105	171	313	114	64	48	347	106	504	208	43	71	69	390	197	14	78	228	29	22	108	36	97	52	86	23	26	14	51	188	58	46	20	87	36	91	66	24	17	189	756	68	36	69	39	290	27	78	345	1275	47	66	241	48	20	324	40	428	29	41	50	30	102	40	63	67	72	253	96	109	59	68	362	80	43	58	114	288	57	57	47	30	152	105	107	166	44	437	482	113	117	199	30	8	85	521	70	99	75	108	22	39	31	40	33	52	46	91	125	135	51	54	52	42	41	61	63	30	590	94	51	46	320	34	104	486	29	158	131	256	97	114	349	106	24	58	119	233	84	47	49	88	740	34	146	170	182	32	37	40	48	73	56	106	120	0	94	89	56	54	359	20	41	119	96	51	61	43	35	36	131	12	189	65	39	104	254	186	36	50	16	71	80	70	113	152	43	67	26	137	23	139	70	250	7	145	65	59	5	209	51	136	38	15	112	60	71	91	78	255	128	318	71	95	16	49	75	696	33	90	122	73	90	49	27	6	56	77	6	54	76	58	100	82	34	82	132	35	157	30	47	98	72	19	148	117	33	14	37	339	107	85	99	53	89	74	65	11	57	171	107	122	80	109	61	18	93	85	117	64	63	159	399	99	36	143	141	33	557	9	275	67	11	66	78	38	90	132	45	53	282	67	93	93	139	484	49	53	82	61	81	31	83	77	66	154	212	297	106	48	54	343	89	47	86	44	22	144	219	127	90	117	89	111	142	47	19	377	112	46	76	66	72	20	94	135	64	227	0	312	59	12	98	287	39	26	32	32	25	29	53	291	116	80	237	643	143	64	68	35	98	66	197	41	151	85	2	177	76	98	26	93	93	33	60	42	60	139	63	0	74	103	146	96	151	106	77	16	68	71	66	31	24	51	71	62	334	9	75	23	65	35	409	59	55	156	50	53	65	39	35	109	63	60	85	120	216	108	0	77	95	83	89	35	506	22	87	42	107	80	60	607	82	40	20	111	167	102	33	49	112	144	57	28	148
CEBPA_ref68_kmer2.kmer1 ct:1	165	81	111	0	31	8	196	143	132	95	195	94	80	180	94	103	414	72	58	103	47	566	108	74	19	51	83	6	20	85	222	382	121	63	54	442	142	468	208	49	71	95	386	279	29	89	191	29	22	150	58	110	49	104	23	66	14	51	152	58	46	20	82	36	111	66	24	25	148	950	68	55	69	40	262	29	78	350	1651	47	70	273	64	18	303	35	591	29	41	43	53	78	78	63	67	56	284	87	124	50	56	431	67	66	69	114	284	52	98	47	67	248	105	114	241	48	564	715	128	117	228	30	8	85	497	92	106	73	89	18	39	73	36	87	38	50	129	148	135	92	54	85	45	43	95	63	30	655	137	51	30	284	34	105	489	29	152	131	275	97	83	401	131	24	80	123	230	116	83	74	88	880	51	146	220	206	32	73	46	70	73	56	102	120	10	99	89	56	54	369	20	90	119	101	51	61	49	41	42	105	12	192	104	46	131	200	181	65	64	16	80	159	70	176	170	75	64	26	120	21	173	50	208	7	112	90	85	5	291	56	114	32	14	166	60	120	99	136	268	119	444	75	97	16	54	75	783	53	115	132	129	86	80	27	6	67	77	4	54	76	45	112	83	34	98	132	30	149	30	47	98	72	19	134	165	48	14	41	373	120	120	80	53	143	109	65	11	57	163	107	160	80	101	61	18	40	85	179	73	63	184	302	140	36	165	124	23	175	9	227	56	0	58	87	38	92	161	76	73	293	71	121	93	189	461	39	59	95	61	81	31	90	77	77	120	259	206	127	104	54	314	122	53	104	44	22	121	191	127	107	110	83	112	160	57	19	254	168	66	86	43	139	20	149	127	87	222	0	427	59	12	91	249	34	26	48	28	25	43	53	236	110	108	338	471	144	94	68	20	119	92	237	66	167	85	2	221	72	98	31	132	120	33	45	45	60	183	46	8	73	108	192	104	144	101	96	16	79	99	117	55	39	51	71	62	353	9	87	23	54	35	270	59	55	156	127	53	47	39	71	128	51	72	75	85	244	136	0	85	128	83	88	41	568	16	87	49	108	88	60	518	82	40	20	111	203	74	33	79	134	137	98	28	152
CEBPA_ref68_kmer5.kmer1 ct:1	153	81	111	0	31	8	106	143	112	95	126	94	80	180	94	103	360	72	58	103	47	398	108	74	19	51	70	6	20	85	222	285	121	63	54	306	142	449	208	49	71	95	351	279	20	89	210	29	22	119	58	110	49	84	23	26	14	51	152	58	46	20	82	36	76	66	24	25	148	689	68	36	69	40	241	29	78	328	1237	47	70	273	35	18	303	35	387	29	41	43	53	78	40	63	67	56	258	87	101	50	56	382	67	66	69	114	284	52	98	47	30	157	105	114	241	48	380	509	91	117	187	30	8	85	386	92	106	73	89	18	39	73	36	87	36	46	129	148	135	92	54	85	45	43	95	63	30	511	137	51	30	240	34	105	489	29	144	131	240	97	83	312	103	24	80	123	230	116	52	49	88	758	51	146	159	148	32	73	46	70	73	56	98	120	10	94	89	56	54	342	20	90	119	101	51	61	49	41	42	105	12	167	104	46	76	190	181	65	50	16	80	80	70	176	170	75	54	26	120	21	139	50	208	7	97	90	85	5	291	51	114	32	15	116	60	120	99	77	268	94	300	75	97	16	54	75	687	53	76	132	129	86	80	27	0	67	77	4	54	76	44	112	83	34	98	132	30	149	30	47	98	72	19	118	165	48	14	41	373	120	120	77	53	98	72	65	11	57	163	107	160	80	101	61	18	40	85	122	73	63	152	320	103	36	126	124	23	175	9	254	56	0	58	78	38	92	108	46	73	293	71	89	93	189	360	39	59	64	61	75	31	79	77	77	120	186	248	102	104	54	293	122	53	104	44	22	121	182	127	107	110	83	108	141	57	19	301	168	66	86	43	64	20	149	127	87	222	0	314	59	12	84	249	32	26	48	28	25	43	53	209	110	70	259	438	121	61	68	20	119	92	174	66	167	85	2	166	72	98	31	132	93	33	45	45	60	183	46	8	73	108	192	87	127	101	96	16	79	99	117	55	39	51	71	62	353	9	87	23	54	35	208	59	55	156	127	53	47	39	27	110	51	48	71	85	228	136	0	63	95	83	88	35	453	16	87	49	92	88	60	451	82	40	20	111	203	95	33	40	134	131	98	28	152
CEBPA_ref68_kmer22.kmer1 ct:1	113	67	101	0	31	0	95	137	135	85	133	71	65	119	84	71	436	72	49	79	47	417	87	74	19	43	81	6	20	105	171	313	114	64	48	347	106	481	208	43	71	69	381	197	14	89	228	29	22	108	36	97	49	86	23	26	14	51	188	58	46	20	87	36	91	66	24	17	183	741	68	36	69	39	275	27	78	339	1260	47	66	241	48	20	324	40	428	29	41	50	30	95	40	63	67	56	252	96	109	59	68	362	78	43	58	114	288	57	57	47	30	152	105	107	166	44	437	471	91	117	199	30	8	85	514	70	99	75	89	22	39	31	40	33	52	46	91	125	135	51	54	52	42	41	61	63	30	581	93	51	46	317	34	104	491	29	158	131	256	97	114	349	107	24	58	114	233	84	47	49	88	728	34	146	170	182	32	37	40	48	73	56	106	120	0	94	89	56	54	352	20	41	119	96	51	61	49	35	36	131	12	189	65	39	104	243	179	38	50	16	71	80	70	113	152	43	67	26	137	23	139	70	250	7	145	65	59	5	209	51	136	32	15	112	60	71	91	78	255	116	318	64	95	16	49	75	691	33	90	122	73	90	49	27	6	56	77	6	54	76	58	100	82	34	82	132	35	152	30	47	98	72	19	141	117	33	14	37	339	107	85	91	53	89	74	65	11	57	171	107	122	80	109	61	18	93	85	117	64	63	159	407	99	36	135	141	33	551	9	275	67	11	66	78	38	90	132	45	53	278	67	93	93	139	484	49	53	76	61	81	31	83	77	66	154	212	297	106	48	54	343	91	47	86	44	22	125	219	127	90	117	89	111	142	47	19	377	112	46	76	66	72	20	93	135	64	227	0	314	59	12	98	287	39	26	48	32	25	29	53	291	115	80	237	613	143	64	68	35	98	71	192	41	151	85	2	177	76	98	26	93	93	33	45	42	60	139	63	0	74	103	146	90	151	106	77	16	68	71	66	31	24	51	71	62	334	9	75	23	65	35	419	59	55	156	50	53	65	39	35	109	63	60	85	120	216	114	0	77	95	83	89	35	497	22	87	42	107	69	60	593	82	40	20	111	167	102	33	49	112	134	57	28	148
CEBPA_ref68_kmer15.kmer1 ct:1	141	67	90	0	31	0	95	143	112	95	133	51	56	119	89	58	412	72	49	79	47	421	78	74	19	51	82	6	20	85	164	285	121	64	54	334	106	469	208	49	71	69	371	188	20	89	228	29	22	121	45	97	49	84	23	26	14	51	153	58	46	20	87	36	81	66	24	25	183	722	68	36	69	40	264	29	78	346	1250	47	62	254	41	18	305	40	402	29	41	43	30	85	40	63	67	56	258	87	103	50	56	374	67	45	54	114	253	52	57	47	30	159	105	114	166	48	404	480	91	117	193	30	8	85	458	60	101	73	89	18	39	31	36	33	44	46	95	125	135	51	54	52	42	43	95	63	30	543	137	51	30	274	34	105	499	29	156	131	262	97	83	338	102	24	80	123	219	83	47	49	88	771	34	146	169	170	32	37	46	48	73	56	104	119	10	94	89	56	54	360	20	41	119	101	51	61	49	41	36	119	12	175	65	46	87	232	181	65	50	16	80	80	70	113	145	43	54	26	137	21	139	50	227	7	129	65	48	5	209	51	114	32	15	112	60	71	99	77	267	94	320	58	97	16	49	75	712	33	86	122	73	87	49	27	0	56	77	6	54	76	44	112	82	34	82	132	30	149	30	47	98	72	19	130	117	48	14	41	339	100	120	81	53	98	72	65	11	57	160	100	123	80	101	61	18	40	85	123	73	63	159	402	103	36	126	124	23	540	9	282	67	11	51	78	38	90	108	46	53	260	71	89	93	139	439	39	53	72	61	84	31	80	77	66	120	197	292	114	104	54	317	122	53	104	44	22	125	206	127	107	110	83	108	141	47	19	358	112	66	86	43	72	20	149	109	87	227	0	320	59	12	98	265	39	26	48	28	25	43	53	255	115	80	257	548	121	67	68	20	98	71	174	47	151	85	2	173	76	98	31	93	93	33	45	42	60	139	46	8	73	87	146	87	137	101	77	16	68	71	117	31	24	51	71	62	335	9	70	23	65	35	213	59	55	156	50	53	47	39	35	110	52	60	85	106	226	136	0	77	95	83	88	35	477	16	87	28	102	65	60	530	82	40	20	111	174	95	33	40	134	134	57	28	157
CEBPA_ref68_kmer10.kmer1 ct:1	141	67	111	0	31	8	105	143	112	95	126	51	80	180	94	58	387	72	58	103	47	403	79	74	19	51	70	6	20	85	164	285	121	64	54	325	142	449	208	49	71	95	355	189	20	89	228	29	22	121	58	110	49	84	23	26	14	51	134	58	46	20	82	36	76	66	24	25	161	704	68	36	69	40	252	29	78	343	1248	47	62	252	41	18	304	35	400	29	41	43	31	78	40	63	67	56	258	87	103	50	56	382	67	45	54	114	253	52	57	47	30	157	105	114	173	48	391	504	91	117	187	30	8	85	405	54	101	73	89	18	39	35	36	33	38	46	99	148	135	51	54	85	45	43	95	63	30	517	137	51	30	259	34	105	466	29	144	131	240	97	83	330	102	24	80	123	219	116	47	49	88	775	34	146	164	170	32	73	46	70	73	56	105	119	10	94	89	56	54	360	20	90	119	101	51	61	49	41	42	105	12	167	65	46	76	190	181	65	50	16	80	80	70	176	139	75	54	26	113	21	139	50	227	7	110	65	85	5	201	51	114	32	15	116	60	71	99	77	268	94	305	75	97	16	54	75	679	53	86	132	73	86	80	27	0	56	77	6	54	76	44	112	82	34	82	132	30	149	30	47	98	72	19	118	165	48	14	41	339	120	120	77	53	98	72	65	11	57	163	107	123	80	101	61	18	40	85	123	73	63	159	376	103	36	126	124	23	159	9	282	67	11	47	78	38	90	108	46	53	235	71	89	93	139	370	39	59	64	61	84	31	80	77	77	120	188	286	114	104	54	317	122	53	104	44	22	121	185	127	107	110	83	108	141	47	19	331	112	66	86	43	64	20	149	127	87	201	0	314	59	12	98	239	39	26	48	28	25	43	53	238	103	80	274	449	121	66	68	20	96	71	174	66	135	85	2	166	72	98	31	132	93	33	45	42	60	139	46	8	73	87	149	87	133	101	96	16	79	99	117	55	39	51	71	62	353	9	70	23	65	35	213	59	55	156	50	53	47	39	27	110	51	52	85	85	233	136	0	63	95	83	88	35	463	16	87	49	92	65	60	481	82	40	20	111	174	95	33	40	134	134	57	28	153
CEBPA_ref68_kmer18.kmer1 ct:1	125	67	99	0	31	0	95	143	112	85	133	61	65	119	89	58	414	72	49	79	47	427	87	74	19	51	81	6	20	87	171	285	121	64	48	353	106	483	208	49	71	69	371	197	20	89	228	29	22	113	45	97	49	84	23	26	14	51	168	58	46	20	87	36	91	66	24	25	183	722	68	36	69	40	275	27	78	348	1263	47	62	244	41	18	313	40	398	29	41	50	30	85	40	63	67	56	258	87	109	59	67	374	67	43	54	114	253	52	57	47	30	152	105	114	166	48	423	481	91	117	196	30	8	85	484	60	101	73	89	22	39	31	40	33	44	46	95	125	135	51	54	52	42	36	61	63	30	568	93	51	34	298	34	104	499	29	156	131	262	97	96	338	102	24	58	123	219	84	47	49	88	775	34	146	170	170	32	37	46	48	73	56	104	125	10	94	89	56	54	352	20	41	119	101	51	61	49	41	36	119	12	185	65	39	87	243	185	41	50	16	60	80	70	113	144	43	54	26	137	23	139	70	237	7	129	65	48	5	209	51	124	32	15	112	60	71	99	77	261	116	321	58	97	16	49	75	717	33	86	122	73	87	49	27	0	56	77	6	54	76	50	100	82	34	82	132	30	149	30	47	98	72	19	135	117	33	14	37	339	100	120	81	53	98	72	65	11	57	160	107	122	80	109	61	18	40	85	117	64	63	159	408	103	36	132	141	23	556	9	287	67	11	51	78	38	90	122	45	53	265	71	89	93	139	461	39	53	72	61	81	31	80	77	66	120	194	294	114	104	54	339	122	40	104	44	22	125	206	127	107	110	83	108	141	47	19	372	112	66	86	66	72	20	100	135	64	227	0	315	59	12	98	270	39	26	48	28	25	43	53	265	115	80	248	571	121	64	68	20	98	71	185	41	151	85	2	173	76	98	31	93	93	33	45	42	60	139	49	0	74	98	146	90	148	101	77	16	68	71	66	31	24	51	71	62	335	9	70	23	65	35	419	59	55	156	50	53	47	39	35	110	63	60	85	112	223	114	0	77	95	83	89	35	484	16	87	42	102	65	60	552	82	40	20	111	167	95	33	40	104	134	57	28	157
CEBPA_ref68_kmer24.kmer1 ct:1	113	67	101	0	31	0	95	137	135	85	126	71	65	119	84	70	436	72	49	79	47	436	87	74	19	49	81	6	20	105	171	313	114	64	48	347	106	504	208	43	71	69	393	197	14	81	228	29	22	108	36	101	52	86	23	26	14	51	194	58	46	20	84	36	95	66	24	17	189	756	68	36	69	39	290	27	78	346	1269	47	66	241	48	20	324	40	428	29	41	50	30	102	40	63	67	72	253	96	109	59	68	362	80	43	58	114	288	57	63	47	30	152	105	104	166	44	437	475	113	117	199	30	8	85	521	70	99	75	108	22	39	31	52	33	52	46	91	125	135	51	54	52	46	41	61	63	30	592	94	51	46	320	34	104	486	29	158	131	256	97	114	349	106	24	58	119	233	84	48	49	88	744	34	146	170	182	32	37	40	48	73	56	106	120	0	94	89	53	54	359	20	41	126	96	51	61	43	35	36	131	12	189	65	39	104	254	186	36	50	16	71	80	70	113	163	43	94	26	137	23	139	70	250	7	143	69	59	5	213	51	136	38	15	108	60	71	91	78	253	128	318	71	95	16	49	75	695	33	90	122	73	90	49	27	6	56	77	6	54	76	58	100	82	34	82	132	35	157	30	47	98	72	19	148	117	33	14	37	339	107	85	99	53	89	74	65	11	57	171	107	122	80	109	61	18	93	85	117	64	63	159	399	99	36	143	141	33	557	9	275	67	11	66	78	38	90	132	45	53	281	67	93	93	139	484	49	53	82	61	81	31	83	77	66	162	212	297	110	48	54	343	89	47	86	44	22	144	220	127	90	117	89	111	142	47	19	377	112	46	76	66	72	20	94	135	64	227	0	312	59	12	98	287	39	26	32	32	25	29	53	291	116	80	237	643	143	64	68	35	98	66	197	41	164	89	2	183	76	98	26	96	93	33	60	42	60	156	63	0	74	103	151	93	151	106	77	16	68	81	66	31	24	51	71	62	334	9	75	23	65	35	409	59	55	156	50	53	65	39	35	109	63	60	85	120	205	108	0	77	91	83	89	35	509	22	87	42	107	80	60	607	82	40	20	111	167	102	33	49	112	144	57	28	148
CEBPA_ref68_kmer9.kmer1 ct:1	141	67	111	0	31	8	105	143	112	95	126	51	80	180	94	58	387	72	58	103	47	403	79	74	19	51	70	6	20	85	164	285	121	64	54	306	142	449	208	49	71	95	355	189	20	89	228	29	22	121	58	110	49	84	23	26	14	51	134	58	46	20	82	36	76	66	24	25	161	704	68	36	69	40	252	29	78	343	1212	47	62	252	41	18	304	35	400	29	41	43	31	78	40	63	67	56	258	87	103	50	56	382	67	45	54	114	253	52	98	47	30	157	105	114	173	48	391	504	91	117	187	30	8	85	405	54	101	73	89	18	39	35	36	33	38	46	99	148	135	51	54	85	45	43	95	63	30	517	137	51	30	259	34	105	466	29	144	131	240	97	83	330	102	24	80	123	219	116	50	49	88	753	34	146	159	170	32	73	46	70	73	56	105	119	10	94	89	56	54	360	20	90	119	101	51	61	49	41	42	105	12	167	65	46	76	190	181	65	50	16	80	80	70	176	132	75	54	26	113	21	139	50	203	7	110	65	85	5	201	51	114	32	15	116	60	71	99	77	268	94	305	75	97	16	54	75	679	53	86	132	73	86	80	27	0	56	77	6	54	76	44	112	82	34	82	132	30	149	30	47	98	72	19	118	165	48	14	41	339	120	120	77	53	98	72	65	11	57	163	107	123	80	101	61	18	40	85	122	73	63	159	327	103	36	126	124	23	159	9	250	56	11	47	78	38	90	108	46	53	235	71	89	93	139	370	39	59	64	61	84	31	80	77	77	120	188	254	114	104	54	317	122	53	104	44	22	121	185	127	107	110	83	108	141	47	19	331	112	66	86	43	64	20	149	127	87	201	0	314	59	12	98	239	39	26	48	28	25	43	53	211	103	80	259	449	121	66	68	20	96	71	174	66	127	85	2	166	72	98	31	132	93	33	45	42	60	139	46	8	73	87	149	87	133	101	96	16	79	99	117	55	39	51	71	62	353	9	70	23	65	35	213	59	55	156	127	53	47	39	27	110	51	52	85	85	228	136	0	63	95	83	88	35	449	16	87	49	92	65	60	481	82	40	20	111	174	95	33	40	134	134	57	28	153
CEBPA_ref68_kmer14.kmer1 ct:1	141	67	90	0	31	8	95	143	112	95	133	51	56	180	89	58	414	72	49	103	47	423	79	74	19	51	80	6	20	85	164	285	121	64	54	337	106	469	208	49	71	95	374	188	20	89	228	29	22	121	45	101	49	84	23	26	14	51	153	58	46	20	87	36	76	66	24	25	183	735	68	36	69	40	264	29	78	346	1288	47	62	254	41	18	305	40	402	29	41	43	30	85	40	63	67	56	258	87	103	50	56	374	67	45	54	114	253	52	57	47	30	159	105	114	166	48	405	511	91	117	187	30	8	85	458	60	101	73	89	18	39	35	36	33	39	46	95	125	135	51	54	52	42	43	95	63	30	543	137	51	30	275	34	105	499	29	156	131	262	97	83	330	102	24	80	123	219	83	47	49	88	777	34	146	169	170	32	37	46	48	73	56	104	119	10	94	89	56	54	360	20	46	119	101	51	61	49	41	36	105	12	167	65	46	87	230	181	65	50	16	80	80	70	113	145	75	54	26	137	21	139	50	227	7	110	65	48	5	209	51	114	32	15	116	60	71	99	77	268	94	327	75	97	16	49	75	730	53	86	122	73	87	49	27	0	56	77	6	54	76	44	112	82	34	82	132	30	149	30	47	98	72	19	133	117	48	14	41	339	100	120	81	53	98	72	65	11	57	163	107	123	80	101	61	18	40	85	123	73	63	159	396	103	36	126	124	23	542	9	282	67	11	51	78	38	90	108	46	53	267	71	89	93	139	431	39	59	64	61	84	31	80	77	77	120	197	292	114	104	54	317	122	53	104	44	22	117	206	127	107	110	83	108	141	47	19	357	112	66	86	43	72	20	149	109	87	227	0	320	59	12	98	266	39	26	48	28	25	43	53	255	115	80	267	534	121	67	68	20	98	71	174	66	151	85	2	173	76	98	31	132	93	33	45	42	60	139	46	8	73	87	149	87	137	101	77	16	79	71	117	31	24	51	71	62	335	9	70	23	65	35	213	59	55	156	50	53	47	39	35	110	52	52	85	106	226	136	0	63	95	83	88	35	477	16	87	28	102	65	60	530	82	40	20	111	174	95	33	40	134	134	57	28	157
CEBPA_ref68_kmer20.kmer1 ct:1	125	67	99	0	31	0	95	137	123	85	133	71	65	119	84	71	416	72	49	79	47	416	87	74	19	43	81	6	20	87	171	308	114	64	48	346	106	481	208	43	71	69	379	197	14	89	228	29	22	113	36	97	49	84	23	26	14	51	173	58	46	20	87	36	91	66	24	25	183	722	68	36	69	40	275	27	78	344	1258	47	62	244	41	18	311	40	399	29	41	50	30	85	40	63	67	56	261	87	109	59	67	374	67	43	54	114	253	57	57	47	30	152	105	114	166	44	428	474	91	117	199	30	8	85	493	70	99	71	89	22	39	31	40	33	52	46	91	125	135	51	54	52	42	41	61	63	30	567	93	51	46	304	34	104	491	29	156	131	262	97	96	342	102	24	58	123	233	84	47	49	88	756	34	146	170	170	32	37	40	48	73	56	104	125	10	94	89	56	54	352	20	41	119	101	51	61	49	35	36	131	12	185	65	39	94	243	185	41	50	16	60	80	70	113	152	43	67	26	137	23	139	70	238	7	129	65	48	5	209	51	125	32	15	112	60	71	91	77	255	116	317	64	95	16	49	75	717	33	95	122	73	87	49	27	0	56	77	6	54	76	50	100	82	34	82	132	30	149	30	47	98	72	19	141	117	33	14	37	339	107	85	77	53	89	76	65	11	57	160	107	122	80	109	61	18	93	85	117	64	63	159	408	99	36	132	141	23	547	9	280	67	11	66	78	38	90	122	45	53	259	67	93	93	139	461	39	53	72	61	81	31	80	77	66	120	194	294	114	48	54	343	122	40	86	44	22	125	206	127	90	117	83	111	142	47	19	372	112	46	76	66	72	20	93	135	64	227	0	314	59	12	98	273	39	26	48	32	25	43	53	266	115	80	248	600	143	64	68	31	98	71	185	41	151	85	2	177	76	98	31	93	93	33	45	42	60	139	49	0	74	98	146	90	148	101	77	16	68	71	66	31	24	51	71	62	334	9	75	23	65	35	419	59	55	156	50	53	57	39	35	110	63	60	85	112	216	114	0	77	95	83	89	35	486	16	87	42	102	69	60	565	82	40	20	111	167	102	33	40	103	134	57	28	148
CEBPA_ref68_kmer4.kmer1 ct:1	165	81	111	0	31	8	196	143	132	95	126	94	80	180	94	103	414	72	58	103	47	400	108	74	19	51	83	6	20	85	222	285	121	63	54	306	142	468	208	49	71	95	386	279	20	89	209	29	22	150	58	110	49	84	23	66	14	51	152	58	46	20	82	36	76	66	24	25	148	699	68	36	69	40	262	29	78	350	1252	47	70	273	64	18	303	35	399	29	41	43	53	78	40	63	67	56	284	87	124	50	56	382	67	66	69	114	284	52	98	47	67	157	105	114	241	48	380	522	91	117	187	30	8	85	390	92	106	73	89	18	39	73	36	87	38	50	129	148	135	92	54	85	45	43	95	63	30	524	137	51	30	240	34	105	489	29	152	131	240	97	83	401	103	24	80	123	230	116	52	49	88	773	51	146	159	206	32	73	46	70	73	56	102	120	10	99	89	56	54	352	20	90	119	101	51	61	49	41	42	105	12	158	104	46	76	200	181	65	50	16	80	159	70	176	170	75	64	26	120	21	139	50	208	7	112	90	85	5	291	51	114	32	15	166	60	120	99	136	268	94	300	75	97	16	54	75	684	53	76	132	129	86	80	27	0	67	77	4	54	76	45	112	83	34	98	132	30	149	30	47	98	72	19	134	165	48	14	41	373	120	120	80	53	143	72	65	11	57	163	107	160	80	101	61	18	40	85	122	73	63	152	314	140	36	126	124	23	175	9	261	56	0	58	87	38	92	108	76	73	293	71	89	93	189	461	39	59	64	61	75	31	79	77	77	120	186	253	102	104	54	314	122	53	104	44	22	121	191	127	107	110	83	112	160	57	19	301	168	66	86	43	139	20	149	127	87	222	0	314	59	12	91	249	34	26	48	28	25	43	53	209	110	108	264	438	144	94	68	20	119	92	170	66	167	85	2	166	72	98	31	132	120	33	45	45	60	183	46	8	73	108	192	87	144	101	96	16	79	99	117	55	39	51	71	62	353	9	87	23	54	35	270	59	55	156	127	53	47	39	27	128	51	48	75	85	244	136	0	85	128	83	88	41	459	16	87	49	108	88	60	451	82	40	20	111	203	95	33	40	134	137	98	28	152
